114
0.38268343 0.92387953 0.0000000e+0
0.35355339 0.92387953 0.14644661
0.27059805 0.92387953 0.27059805
0.14644661 0.92387953 0.35355339
2.3432602e-17 0.92387953 0.38268343
-0.14644661 0.92387953 0.35355339
-0.27059805 0.92387953 0.27059805
-0.35355339 0.92387953 0.14644661
-0.38268343 0.92387953 4.6865204e-17
-0.35355339 0.92387953 -0.14644661
-0.27059805 0.92387953 -0.27059805
-0.14644661 0.92387953 -0.35355339
-7.0297806e-17 0.92387953 -0.38268343
0.14644661 0.92387953 -0.35355339
0.27059805 0.92387953 -0.27059805
0.35355339 0.92387953 -0.14644661
0.70710678 0.70710678 0.0000000e+0
0.65328148 0.70710678 0.27059805
0.50000000 0.70710678 0.50000000
0.27059805 0.70710678 0.65328148
4.3297803e-17 0.70710678 0.70710678
-0.27059805 0.70710678 0.65328148
-0.50000000 0.70710678 0.50000000
-0.65328148 0.70710678 0.27059805
-0.70710678 0.70710678 8.6595606e-17
-0.65328148 0.70710678 -0.27059805
-0.50000000 0.70710678 -0.50000000
-0.27059805 0.70710678 -0.65328148
-1.2989341e-16 0.70710678 -0.70710678
0.27059805 0.70710678 -0.65328148
0.50000000 0.70710678 -0.50000000
0.65328148 0.70710678 -0.27059805
0.92387953 0.38268343 0.0000000e+0
0.85355339 0.38268343 0.35355339
0.65328148 0.38268343 0.65328148
0.35355339 0.38268343 0.85355339
5.6571306e-17 0.38268343 0.92387953
-0.35355339 0.38268343 0.85355339
-0.65328148 0.38268343 0.65328148
-0.85355339 0.38268343 0.35355339
-0.92387953 0.38268343 1.1314261e-16
-0.85355339 0.38268343 -0.35355339
-0.65328148 0.38268343 -0.65328148
-0.35355339 0.38268343 -0.85355339
-1.6971392e-16 0.38268343 -0.92387953
0.35355339 0.38268343 -0.85355339
0.65328148 0.38268343 -0.65328148
0.85355339 0.38268343 -0.35355339
1.00000000 6.1232340e-17 0.0000000e+0
0.92387953 6.1232340e-17 0.38268343
0.70710678 6.1232340e-17 0.70710678
0.38268343 6.1232340e-17 0.92387953
6.1232340e-17 6.1232340e-17 1.00000000
-0.38268343 6.1232340e-17 0.92387953
-0.70710678 6.1232340e-17 0.70710678
-0.92387953 6.1232340e-17 0.38268343
-1.00000000 6.1232340e-17 1.2246468e-16
-0.92387953 6.1232340e-17 -0.38268343
-0.70710678 6.1232340e-17 -0.70710678
-0.38268343 6.1232340e-17 -0.92387953
-1.8369702e-16 6.1232340e-17 -1.00000000
0.38268343 6.1232340e-17 -0.92387953
0.70710678 6.1232340e-17 -0.70710678
0.92387953 6.1232340e-17 -0.38268343
0.92387953 -0.38268343 0.0000000e+0
0.85355339 -0.38268343 0.35355339
0.65328148 -0.38268343 0.65328148
0.35355339 -0.38268343 0.85355339
5.6571306e-17 -0.38268343 0.92387953
-0.35355339 -0.38268343 0.85355339
-0.65328148 -0.38268343 0.65328148
-0.85355339 -0.38268343 0.35355339
-0.92387953 -0.38268343 1.1314261e-16
-0.85355339 -0.38268343 -0.35355339
-0.65328148 -0.38268343 -0.65328148
-0.35355339 -0.38268343 -0.85355339
-1.6971392e-16 -0.38268343 -0.92387953
0.35355339 -0.38268343 -0.85355339
0.65328148 -0.38268343 -0.65328148
0.85355339 -0.38268343 -0.35355339
0.70710678 -0.70710678 0.0000000e+0
0.65328148 -0.70710678 0.27059805
0.50000000 -0.70710678 0.50000000
0.27059805 -0.70710678 0.65328148
4.3297803e-17 -0.70710678 0.70710678
-0.27059805 -0.70710678 0.65328148
-0.50000000 -0.70710678 0.50000000
-0.65328148 -0.70710678 0.27059805
-0.70710678 -0.70710678 8.6595606e-17
-0.65328148 -0.70710678 -0.27059805
-0.50000000 -0.70710678 -0.50000000
-0.27059805 -0.70710678 -0.65328148
-1.2989341e-16 -0.70710678 -0.70710678
0.27059805 -0.70710678 -0.65328148
0.50000000 -0.70710678 -0.50000000
0.65328148 -0.70710678 -0.27059805
0.38268343 -0.92387953 0.0000000e+0
0.35355339 -0.92387953 0.14644661
0.27059805 -0.92387953 0.27059805
0.14644661 -0.92387953 0.35355339
2.3432602e-17 -0.92387953 0.38268343
-0.14644661 -0.92387953 0.35355339
-0.27059805 -0.92387953 0.27059805
-0.35355339 -0.92387953 0.14644661
-0.38268343 -0.92387953 4.6865204e-17
-0.35355339 -0.92387953 -0.14644661
-0.27059805 -0.92387953 -0.27059805
-0.14644661 -0.92387953 -0.35355339
-7.0297806e-17 -0.92387953 -0.38268343
0.14644661 -0.92387953 -0.35355339
0.27059805 -0.92387953 -0.27059805
0.35355339 -0.92387953 -0.14644661
0.0000000e+0 1.00000000 0.0000000e+0
0.0000000e+0 -1.00000000 0.0000000e+0
224
1 18 17
1 32 16
1 113 2
2 18 1
2 113 3
3 18 2
3 20 19
3 113 4
4 20 3
4 113 5
5 20 4
5 22 21
5 113 6
6 22 5
6 113 7
7 22 6
7 24 23
7 113 8
8 24 7
8 113 9
9 24 8
9 26 25
9 113 10
10 26 9
10 113 11
11 26 10
11 28 27
11 113 12
12 28 11
12 113 13
13 28 12
13 30 29
13 113 14
14 30 13
14 113 15
15 30 14
15 32 31
15 113 16
16 32 15
16 113 1
17 32 1
17 33 32
18 33 17
18 35 34
19 18 3
19 35 18
20 35 19
20 37 36
21 20 5
21 37 20
22 37 21
22 39 38
23 22 7
23 39 22
24 39 23
24 41 40
25 24 9
25 41 24
26 41 25
26 43 42
27 26 11
27 43 26
28 43 27
28 45 44
29 28 13
29 45 28
30 45 29
30 47 46
31 30 15
31 47 30
32 33 48
32 47 31
33 50 49
33 64 48
34 33 18
34 50 33
35 50 34
35 52 51
36 35 20
36 52 35
37 52 36
37 54 53
38 37 22
38 54 37
39 54 38
39 56 55
40 39 24
40 56 39
41 56 40
41 58 57
42 41 26
42 58 41
43 58 42
43 60 59
44 43 28
44 60 43
45 60 44
45 62 61
46 45 30
46 62 45
47 62 46
47 64 63
48 47 32
48 64 47
49 64 33
49 65 64
50 65 49
50 67 66
51 50 35
51 67 50
52 67 51
52 69 68
53 52 37
53 69 52
54 69 53
54 71 70
55 54 39
55 71 54
56 71 55
56 73 72
57 56 41
57 73 56
58 73 57
58 75 74
59 58 43
59 75 58
60 75 59
60 77 76
61 60 45
61 77 60
62 77 61
62 79 78
63 62 47
63 79 62
64 65 80
64 79 63
65 82 81
65 96 80
66 65 50
66 82 65
67 82 66
67 84 83
68 67 52
68 84 67
69 84 68
69 86 85
70 69 54
70 86 69
71 86 70
71 88 87
72 71 56
72 88 71
73 88 72
73 90 89
74 73 58
74 90 73
75 90 74
75 92 91
76 75 60
76 92 75
77 92 76
77 94 93
78 77 62
78 94 77
79 94 78
79 96 95
80 79 64
80 96 79
81 96 65
81 97 96
82 97 81
82 99 98
83 82 67
83 99 82
84 99 83
84 101 100
85 84 69
85 101 84
86 101 85
86 103 102
87 86 71
87 103 86
88 103 87
88 105 104
89 88 73
89 105 88
90 105 89
90 107 106
91 90 75
91 107 90
92 107 91
92 109 108
93 92 77
93 109 92
94 109 93
94 111 110
95 94 79
95 111 94
96 97 112
96 111 95
97 114 112
98 97 82
98 114 97
99 114 98
100 99 84
100 114 99
101 114 100
102 101 86
102 114 101
103 114 102
104 103 88
104 114 103
105 114 104
106 105 90
106 114 105
107 114 106
108 107 92
108 114 107
109 114 108
110 109 94
110 114 109
111 114 110
112 111 96
112 114 111